# Created by Octave 5.1.0, Mon Feb 17 23:22:54 2020 CET <rodhuega@LELPC>
# name: C
# type: matrix
# rows: 50
# columns: 60
 17.863054601219229 20.391625600176578 22.220207956443417 19.518217142515009 18.288876017788585 20.662219036074134 16.514022674097362 18.130856461477094 21.858979513308604 21.552393850896792 20.779350531083228 21.700169509275383 22.440146736543539 20.270919044207687 21.330046276402083 21.386173781529227 20.416205455106244 18.030154226888442 19.861373069861298 18.350430013246907 20.090586556533701 18.136930054007625 17.675809731402158 19.784471651221001 20.280068408758652 20.990665476733302 20.554834787828064 21.836034309082443 21.981873596760941 20.68495555386955 17.883316503947739 21.917950548011401 20.590606309527693 21.789277409548227 21.023734192065241 20.011838878034514 20.153643518192958 21.161972664923596 21.064268297407171 19.564894735587036 18.15073497374966 20.964335607266371 22.293147323461664 20.659158550029929 21.34204923866082 18.764488037579145 19.430372199277656 19.393102414299594 22.383393317599783 22.964237121246033 19.523907939477095 19.35656068387847 19.908387187342818 20.334876135064775 22.061135091728133 18.448496417547492 17.846324140444274 21.363924358402851 17.59804278025733 20.562793030141489
 16.170317246926516 19.065211771535125 18.668755674119861 17.760971952465251 17.016184376813744 17.828686918501578 14.650379942134013 17.225725918212039 16.815849499564976 17.795265513217643 18.225890780198394 19.036954396813488 18.75587988599208 18.22413483364949 18.463289308217647 19.657944455691737 18.486092981980288 14.673308990566207 17.778403058700885 15.982489015346305 17.104020857823222 15.75410978538817 17.621774763040371 19.098488275445408 19.081813369776754 19.024182229492379 17.340368223364582 18.79902926695171 17.413296642064086 17.522195416740107 16.319040838289052 19.651603181662612 16.263548405196499 18.309207743212998 17.229405205697152 17.953374963331804 18.985272362946091 18.277214098331296 18.487250591719935 17.047418715352684 15.775807560603987 16.918829361394071 17.989125705062683 17.441408525794291 18.748343051664193 16.426530028588527 16.9277605747086 15.572919739434518 18.680217155052119 18.607855596008147 17.670086752723719 16.565490574226203 17.14349952920821 17.280190738069933 18.851065299338792 16.434532930098673 15.629404098717384 18.498216260648693 16.934168112815943 17.893064306266648
 16.172611232073944 20.056158459115366 18.578903026786232 19.258665896546159 17.302590261051385 19.105753986141846 15.798827128926261 16.950760931534113 20.000044756141339 18.896331746790992 18.362154220064003 18.449650464735338 18.748138407410959 17.876704100341993 17.848685735794337 20.817183946684754 17.647574782654495 15.711079443591698 18.697882436397986 16.944349125592012 17.126188399586024 15.012297164293857 15.838022574809569 18.747610753389559 18.368733065773132 19.64213701909301 18.704341059744639 17.924127126332788 17.517076763025958 19.203418762992847 16.421564968190356 19.603131265146928 16.258099936182123 19.381825959434707 17.981796381670115 17.033039905459376 18.47518049776961 19.243530583438748 19.431338895667402 17.73137579394497 17.39593208438481 17.834042006572133 18.521815883503432 17.372456101361141 19.585598477353201 15.029466753207123 16.890104858931572 16.676012551682831 20.141388881173985 20.275682171383991 17.026099811224469 17.360474492652273 18.522092170529799 18.152048362758887 18.296132136771508 17.082484514997947 16.901972394764847 18.125169420949891 15.829680615865167 17.342804522362709
 15.893618306913393 17.823100962579247 18.041077178136891 16.769305694587569 15.784342962037357 17.235355510394907 14.764720746196042 16.472298745670525 17.856141602257928 17.764527640141246 19.422013013731036 17.877805080975417 18.476089885205649 18.496574005160014 18.080188473462609 18.442541502887071 16.662140068179088 15.390102640314792 18.618494290200168 17.6117218770199 16.78784028101748 15.7896194911729 15.724685184608578 16.101578186644989 19.586611062225092 18.852629907279155 18.392330006638037 17.361887000191803 17.876909743761288 18.22559247554041 16.646434921746817 18.041719232116201 16.658781381311705 19.31959917574105 17.27741482937887 17.956819268413987 18.818215134685492 18.534268116011056 18.056704059381516 16.316257809252654 14.495758472374366 17.351070183085358 17.409405067163167 17.857842905103642 19.812857181022615 16.254126381031408 15.600431543713746 15.751740898276697 19.336855249094636 19.554383223698686 15.546422481130914 16.89390443608541 16.961686994289536 17.079020620298209 18.748427755366851 16.690796654192791 16.011718648805182 19.177039609138617 16.670088139120434 18.079825590170742
 16.178380553127106 19.283893245352761 17.588294861536511 17.826523440919473 16.954934056747085 18.923794469565909 15.952486527606583 17.276014875780717 20.117842317997763 18.222787795541517 18.335138261520317 17.749680393816924 19.309529110859874 18.558609601100059 16.700176952790553 19.071946534182484 17.882229382254398 17.035016308299262 20.348440101059186 17.187674476944039 17.49375944252812 15.219662398538301 16.594416101620791 17.907554773151581 19.314488327980548 19.884543185523789 17.749659467345815 18.355061060061637 18.534187895179013 17.559771764184255 16.888149038167469 18.690427327852451 14.902283415716719 20.355875407893315 16.787126541736875 17.089832624980463 17.846463436163294 18.196734820288995 17.077700568459573 18.030550290043497 16.733508771960075 17.779532589344182 19.29944531387396 17.315298748847813 20.771457935021783 15.197810054742687 16.301578796962158 15.286443308885518 20.168558177923885 19.882624520197684 17.095607704330821 17.865949177687078 17.916574436164456 18.262558991410078 18.407567059283924 16.036993427523971 16.188842106446629 18.374613080598706 16.174293574388916 17.468963846932244
 14.718135563429929 19.579491094557639 19.560919004424129 19.239482275436576 16.191539596623929 17.504009195315398 15.738482532586067 17.208776803288426 18.850357201400804 18.467655057322197 17.445479283768794 17.041968636747075 19.334251472456991 19.537465346872406 18.282915922189062 20.052499612379897 18.104272674182901 15.648027299245484 19.490766680161187 17.155062847744954 16.695275216893339 15.189377285465278 17.009252866687511 19.097347678855243 19.343339437766179 17.202102683337685 16.219777975886803 19.440379877829123 17.229379786015411 18.075039880170248 17.125141966016614 19.068170326772446 15.930048502482073 18.949412413859562 17.20986806287759 15.884200023149413 18.72886836282888 18.656454089347353 16.912767293284077 17.430918654628226 15.97004587685857 17.473568599335113 18.105040715020532 17.509055707691541 18.092518984029176 14.535089605604322 16.907693107739291 15.664425072275227 18.297139932637705 20.680820291268653 16.046190428156876 16.144238131706572 17.015501117736886 17.909479500370455 18.668243790805121 16.547434737950056 16.629227348287408 18.815645030000017 15.843749637553751 18.577995437446386
